4 0.50469140625 0.3482395833333334 0.0353515625 0.04146527777777778
2 0.5172226562500001 0.4983298611111111 0.01675 0.03799305555555556
4 0.3367734375 0.5783819444444445 0.0353515625 0.04147222222222222
1 0.4877773437499999 0.6169618055555556 0.0321171875 0.06136805555555556
4 0.29362109375 0.5450277777777778 0.0353515625 0.04147222222222222
7 0.4296640625 0.45575 0.09234375 0.10631944444444444
4 0.46810546875 0.6959479166666667 0.0203515625 0.0264375
5 0.62687890625 0.5233923611111111 0.0725234375 0.07639583333333334
6 0.42598437499999997 0.6581736111111111 0.026625 0.04634722222222222
4 0.64352734375 0.47331597222222227 0.0353515625 0.04146527777777778
3 0.35928710937499997 0.48165625 0.03534765625 0.04146527777777778
3 0.476548828125 0.6601006944444445 0.03534765625 0.04146527777777778
3 0.5009375 0.3999375 0.0353515625 0.04147222222222222
5 0.35808203125000004 0.5417708333333333 0.0725234375 0.07640277777777778
