6 0.422181640625 0.5750208333333333 0.04286328125 0.06176388888888889
4 0.384521484375 0.4049340277777778 0.04286328125 0.03957638888888889
3 0.624033203125 0.4748298611111111 0.04286328125 0.03957638888888889
7 0.5377988281249999 0.4744791666666667 0.07416015625 0.10036111111111112
4 0.6677832031250001 0.47434374999999995 0.04286328125 0.03957638888888889
3 0.446822265625 0.3429097222222222 0.04286328125 0.03958333333333333
6 0.5130019531250001 0.32740625 0.04286328125 0.05286805555555555
1 0.6377343750000001 0.5147118055555556 0.047578125 0.06122916666666667
3 0.538474609375 0.4005034722222222 0.04286328125 0.03957638888888889
4 0.537919921875 0.5964201388888889 0.04286328125 0.03957638888888889
3 0.538474609375 0.5526076388888889 0.04286328125 0.03957638888888889
4 0.537919921875 0.3576770833333333 0.04286328125 0.03957638888888889
