1 0.6622910156249999 0.5 0.02807421875 0.041444444444444443
1 0.311443359375 0.49833333333333335 0.02807421875 0.041444444444444443
5 0.38041015625 0.5241979166666667 0.0571484375 0.06313194444444445
4 0.6116308593750001 0.6133888888888889 0.033699218749999996 0.034749999999999996
4 0.4878125 0.431625 0.026171875 0.034749999999999996
7 0.48421093750000005 0.5204166666666666 0.09234375 0.125
6 0.510568359375 0.5816041666666667 0.033699218749999996 0.041444444444444443
4 0.4910976562499999 0.3265590277777778 0.0289921875 0.034743055555555555
4 0.363978515625 0.6134027777777777 0.033699218749999996 0.034749999999999996
5 0.59755859375 0.5266909722222222 0.0590234375 0.07314583333333333
3 0.64412109375 0.7449027777777777 0.037617187499999996 0.041444444444444443
