4 0.24025000000000002 0.49019097222222224 0.03659375 0.04649305555555556
2 0.45676562499999995 0.5066840277777778 0.027414062500000003 0.03799305555555556
5 0.28195507812500004 0.5175277777777778 0.07251953125 0.06466666666666666
3 0.32175195312500005 0.6384201388888889 0.03534765625 0.04146527777777778
1 0.58771484375 0.4869270833333333 0.0212109375 0.07246527777777777
7 0.39473828125000004 0.52296875 0.09234375 0.11649305555555556
1 0.381580078125 0.4674201388888889 0.03496484375 0.06470138888888889
4 0.44256054687500007 0.6527256944444445 0.03598046875 0.043159722222222224
3 0.6088066406249999 0.5717118055555556 0.03534765625 0.04146527777777778
6 0.34726953125 0.5618055555555556 0.0321015625 0.04638888888888889
4 0.5418378906249999 0.35894444444444445 0.03534765625 0.04872222222222222
3 0.26265234375 0.4166145833333334 0.0353515625 0.04146527777777778
5 0.48917968750000007 0.5442604166666666 0.035859375 0.06467361111111111
3 0.23357226562500003 0.5617048611111112 0.03534765625 0.04146527777777778
3 0.5328222656249999 0.5033368055555556 0.03534765625 0.04146527777777778
4 0.38507226562499997 0.3485972222222222 0.03534765625 0.044833333333333336
4 0.588333984375 0.6166944444444444 0.03534765625 0.04147222222222222
3 0.439013671875 0.36491666666666667 0.03534765625 0.04147222222222222
