2 0.430130859375 0.6051631944444444 0.04286328125 0.03957638888888889
3 0.24106835937499999 0.6323368055555556 0.04286328125 0.03957638888888889
5 0.289751953125 0.6538680555555555 0.08605859375 0.08683333333333333
1 0.296888671875 0.46296875 0.04286328125 0.06760416666666666
3 0.31316992187500003 0.7020381944444445 0.04286328125 0.03957638888888889
4 0.42381835937499995 0.4722534722222222 0.04286328125 0.03957638888888889
4 0.628494140625 0.6790173611111111 0.04286328125 0.06317361111111111
4 0.26192187499999997 0.6026666666666666 0.050328125 0.05283333333333333
6 0.506220703125 0.6516631944444444 0.04286328125 0.06471527777777777
6 0.5122011718749999 0.7645868055555556 0.04286328125 0.06570138888888889
3 0.48096679687500005 0.6842777777777778 0.04286328125 0.05383333333333333
7 0.38636328125 0.5501840277777778 0.057414062499999995 0.07824305555555555
1 0.40820117187499994 0.6120659722222223 0.04286328125 0.07302083333333334
3 0.448072265625 0.4468125 0.04286328125 0.04793055555555555
5 0.46950976562499996 0.49349652777777775 0.08738671875000001 0.0850625
