1 0.290412109375 0.33458680555555553 0.03496484375 0.06470138888888889
3 0.251396484375 0.4182916666666667 0.03534765625 0.024805555555555556
6 0.45676367187499994 0.5701770833333333 0.02928515625 0.04635416666666667
1 0.314849609375 0.3563090277777778 0.03496484375 0.06470138888888889
5 0.7330820312499999 0.4732673611111111 0.0725234375 0.07639583333333334
4 0.275732421875 0.40026388888888886 0.03599609375 0.04427777777777778
7 0.5373203125 0.46512499999999996 0.09234375 0.125
4 0.53618359375 0.5452048611111111 0.0353515625 0.04146527777777778
4 0.331974609375 0.3977569444444444 0.03535546875 0.04147222222222222
3 0.5131210937499999 0.4199513888888889 0.0353515625 0.04147222222222222
4 0.38380859375000004 0.5278958333333333 0.020273437499999998 0.04704166666666666
3 0.56096484375 0.5300173611111111 0.0353515625 0.04146527777777778
6 0.548869140625 0.5818715277777777 0.03304296875 0.04635416666666667
4 0.509630859375 0.5290069444444444 0.03691015625 0.04147222222222222
3 0.353646484375 0.35657638888888893 0.03534765625 0.04147222222222222
5 0.385337890625 0.7723472222222223 0.07251953125 0.07640277777777778
3 0.538451171875 0.3999375 0.03534765625 0.04147222222222222
