4 0.460216796875 0.5518368055555556 0.04286328125 0.05534027777777777
7 0.5095703125 0.5042569444444445 0.0741640625 0.10036111111111112
1 0.551869140625 0.5488854166666667 0.04286328125 0.03957638888888889
2 0.538302734375 0.45486458333333335 0.04286328125 0.03957638888888889
3 0.45994335937499997 0.6222326388888889 0.04286328125 0.03957638888888889
4 0.588697265625 0.5134479166666667 0.04286328125 0.03957638888888889
3 0.522240234375 0.5735 0.04286328125 0.03958333333333333
3 0.628845703125 0.4767638888888889 0.04286328125 0.04894444444444445
4 0.482646484375 0.4098263888888889 0.04286328125 0.051875000000000004
5 0.47351953125 0.34040625 0.091375 0.0841736111111111
4 0.5726347656249999 0.42779513888888887 0.04286328125 0.05434027777777778
1 0.493998046875 0.4386180555555555 0.04286328125 0.06223611111111112
4 0.479048828125 0.5865381944444444 0.04286328125 0.05779861111111111
6 0.39791796874999996 0.4829131944444444 0.042859375 0.060270833333333336
3 0.519474609375 0.42828819444444444 0.04286328125 0.03957638888888889
5 0.445552734375 0.47134375 0.08971484375 0.0841736111111111
4 0.549654296875 0.4068611111111111 0.04286328125 0.05288888888888889
6 0.5628124999999999 0.4683923611111111 0.047031250000000004 0.052895833333333336
