3 0.575302734375 0.6013298611111111 0.04286328125 0.051409722222222225
4 0.36735742187500003 0.48714236111111114 0.04286328125 0.03957638888888889
4 0.47645117187499997 0.5757465277777778 0.04286328125 0.03957638888888889
4 0.6578144531250001 0.47039583333333335 0.04286328125 0.04648611111111111
7 0.542337890625 0.4719305555555556 0.06412890624999999 0.10036111111111112
3 0.627080078125 0.39016666666666666 0.04286328125 0.03958333333333333
5 0.683845703125 0.41847569444444443 0.08860546875 0.07728472222222223
5 0.388541015625 0.5304652777777777 0.08666796875 0.08368055555555555
4 0.5345996093750001 0.5796840277777778 0.04286328125 0.03957638888888889
1 0.656708984375 0.5127326388888889 0.04286328125 0.06518750000000001
4 0.71374609375 0.46178819444444447 0.0522734375 0.05385416666666666
2 0.552873046875 0.62890625 0.04286328125 0.03957638888888889
4 0.41858007812500003 0.47385069444444444 0.04286328125 0.03957638888888889
4 0.5345996093750001 0.3579270833333333 0.04286328125 0.05877083333333333
3 0.499986328125 0.33920833333333333 0.04286328125 0.05091666666666666
3 0.44405664062500005 0.38869097222222226 0.04286328125 0.03957638888888889
3 0.44627148437499997 0.551625 0.04286328125 0.03958333333333333
6 0.597728515625 0.35669097222222224 0.04286328125 0.03957638888888889
1 0.410826171875 0.40345138888888893 0.04286328125 0.069125
