6 0.45153906250000003 0.44715625 0.039804687500000005 0.057368055555555554
1 0.55480078125 0.5003402777777778 0.0275078125 0.059708333333333335
4 0.5963281250000001 0.4713784722222222 0.039804687500000005 0.04789583333333333
5 0.43986328124999996 0.5398472222222223 0.08988281249999999 0.08266666666666667
4 0.47884375000000007 0.5781180555555555 0.039804687500000005 0.053875
7 0.49498046875 0.4744791666666667 0.0741640625 0.13269444444444445
3 0.42755078125 0.4786041666666667 0.039804687500000005 0.03715277777777778
3 0.81142578125 0.5665277777777777 0.039804687500000005 0.04416666666666667
6 0.512109375 0.5427430555555556 0.039804687500000005 0.05284722222222222
1 0.47711328125 0.4326527777777778 0.039804687500000005 0.03715277777777778
3 0.53786328125 0.63434375 0.039804687500000005 0.04702083333333333
5 0.5511796875 0.44078819444444445 0.08988281249999999 0.08267361111111111
4 0.3919296875 0.5049722222222222 0.039804687500000005 0.04702777777777778
3 0.3315234375 0.45911111111111114 0.039804687500000005 0.03715277777777778
4 0.51364453125 0.3962465277777778 0.039804687500000005 0.04638194444444445
3 0.71130859375 0.5128680555555556 0.039804687500000005 0.03715277777777778
4 0.596828125 0.579201388888889 0.039804687500000005 0.058819444444444445
