1 0.45889257812500006 0.4592326388888889 0.04286328125 0.060270833333333336
4 0.507072265625 0.38019097222222226 0.04286328125 0.04940972222222222
6 0.530498046875 0.6540208333333333 0.04286328125 0.05581944444444444
6 0.652052734375 0.5489166666666666 0.04286328125 0.05436111111111111
4 0.65205078125 0.5073194444444444 0.0483984375 0.04797222222222222
7 0.48086132812499993 0.5255277777777778 0.07416015625 0.10036111111111112
1 0.338611328125 0.4781805555555556 0.04286328125 0.06372222222222222
3 0.45656445312500005 0.38152777777777774 0.04286328125 0.04791666666666667
3 0.5050761718750001 0.6829027777777777 0.04286328125 0.04649999999999999
3 0.627685546875 0.48673958333333334 0.04286328125 0.05486805555555556
5 0.4826015625 0.6439270833333334 0.092484375 0.08663194444444444
4 0.4568984374999999 0.6796562500000001 0.042859375 0.049451388888888885
4 0.31192578125 0.5103368055555555 0.0483828125 0.03957638888888889
3 0.310373046875 0.5564131944444445 0.04949609375 0.03957638888888889
4 0.625689453125 0.5724131944444444 0.04286328125 0.05482638888888889
5 0.60401953125 0.5363715277777777 0.08888281249999999 0.0841736111111111
2 0.434138671875 0.4923159722222223 0.04286328125 0.03957638888888889
3 0.43563671874999993 0.6616979166666667 0.0428671875 0.04992361111111111
4 0.43478710937500004 0.40303472222222225 0.04286328125 0.050375
3 0.531658203125 0.40814930555555556 0.04286328125 0.03957638888888889
