4 0.189494140625 0.6567638888888889 0.03534765625 0.04147222222222222
3 0.359275390625 0.7668333333333334 0.03534765625 0.04147222222222222
7 0.533015625 0.46767361111111116 0.09234375 0.125
4 0.25703515625 0.6734409722222222 0.0353515625 0.04146527777777778
4 0.23639843749999997 0.6984548611111111 0.0353515625 0.04146527777777778
4 0.21294531249999998 0.6751076388888889 0.0353515625 0.04146527777777778
3 0.333947265625 0.7451527777777778 0.03534765625 0.04147222222222222
4 0.21107031249999997 0.63175 0.0353515625 0.04147222222222222
3 0.309556640625 0.7668333333333334 0.03534765625 0.04147222222222222
3 0.307681640625 0.7234722222222222 0.03534765625 0.04147222222222222
3 0.284228515625 0.7451527777777778 0.03534765625 0.04147222222222222
4 0.234521484375 0.6534305555555556 0.03534765625 0.04147222222222222
3 0.333947265625 0.7901805555555554 0.03534765625 0.04147222222222222
