4 0.595015625 0.5868333333333333 0.047843750000000004 0.05630555555555555
4 0.67725 0.43079513888888893 0.042859375 0.058256944444444445
1 0.361314453125 0.4462986111111111 0.04286328125 0.06565277777777778
3 0.38595898437500004 0.5211215277777779 0.04286328125 0.04890972222222223
1 0.5775683593750001 0.4401354166666666 0.04286328125 0.03957638888888889
4 0.47761132812499996 0.49331597222222223 0.04286328125 0.051354166666666666
4 0.38595898437500004 0.4298020833333333 0.04286328125 0.05335416666666667
3 0.644853515625 0.558048611111111 0.04286328125 0.04693055555555555
4 0.499486328125 0.42634722222222216 0.04286328125 0.05436111111111111
2 0.476501953125 0.45490625 0.04286328125 0.03957638888888889
5 0.700236328125 0.4930520833333333 0.08860546875 0.08515972222222222
5 0.41143945312499997 0.48246527777777776 0.08916015625 0.08466666666666667
3 0.653712890625 0.4558854166666666 0.04286328125 0.04746527777777777
4 0.6107890625000001 0.4615520833333333 0.0450625 0.04990972222222222
6 0.563029296875 0.5528611111111111 0.04534765625 0.06419444444444444
7 0.5377988281249999 0.469375 0.07416015625 0.10036111111111112
6 0.402294921875 0.3768715277777777 0.04286328125 0.0656875
3 0.51914453125 0.5356354166666667 0.042859375 0.03957638888888889
