7 0.5239296875 0.4425902777777778 0.074171875 0.07652777777777778
6 0.5117578125 0.6442395833333333 0.025859375 0.05472916666666667
3 0.58629296875 0.3999375 0.0353515625 0.04147222222222222
3 0.4549609375 0.5166770833333333 0.0353515625 0.04146527777777778
4 0.474671875 0.4949965277777778 0.0353515625 0.04146527777777778
1 0.39990234375 0.6361770833333333 0.0349609375 0.06971527777777778
5 0.300279296875 0.4983298611111111 0.06217578124999999 0.07639583333333334
1 0.46616406250000003 0.5618229166666667 0.0349609375 0.06971527777777778
5 0.24436132812500003 0.6503749999999999 0.07251953125 0.07640277777777778
2 0.5366523437499999 0.6837951388888889 0.027414062500000003 0.03799305555555556
6 0.42833984375 0.53146875 0.025039062499999997 0.04635416666666667
