4 0.604703125 0.5005694444444445 0.03496875 0.04775
3 0.36892187499999995 0.49273263888888885 0.03496875 0.03820138888888889
3 0.545482421875 0.6862465277777778 0.03528515625 0.03820138888888889
4 0.568984375 0.35409722222222223 0.028984375 0.05402777777777778
6 0.52442578125 0.30477777777777776 0.024898437500000002 0.04655555555555556
5 0.574265625 0.7468194444444445 0.07976562499999999 0.07397222222222222
3 0.6888925781249999 0.5228923611111111 0.03338671875 0.03820138888888889
3 0.360904296875 0.44581597222222225 0.04092578125 0.03820138888888889
4 0.6664453125 0.6183819444444445 0.0378125 0.04545833333333333
4 0.6378515625000001 0.4162152777777778 0.026171875 0.04548611111111111
7 0.5497656249999999 0.4429861111111111 0.060781249999999995 0.11652777777777779
5 0.4197265625 0.36037500000000006 0.07976562499999999 0.07397222222222222
4 0.4988085937499999 0.2782986111111111 0.026445312500000002 0.04395833333333333
3 0.46962890625 0.5756770833333333 0.034023437499999996 0.042118055555555554
