4 0.578779296875 0.6203611111111111 0.04286328125 0.05238888888888889
1 0.567982421875 0.4864722222222222 0.04286328125 0.07502777777777778
4 0.387169921875 0.34249305555555554 0.04286328125 0.05581944444444444
3 0.5305996093750001 0.6216006944444444 0.04286328125 0.0568125
1 0.399076171875 0.48869097222222224 0.04286328125 0.06960416666666668
5 0.5791953125 0.5553715277777778 0.0910703125 0.08171527777777778
7 0.48325390625000003 0.4523680555555556 0.0741640625 0.1309861111111111
5 0.481189453125 0.31244444444444447 0.08500390625000001 0.07531944444444444
3 0.41236914062499996 0.6115104166666667 0.04286328125 0.03957638888888889
4 0.577119140625 0.3402847222222222 0.04286328125 0.06418055555555556
6 0.62834375 0.51034375 0.042859375 0.0656875
4 0.435072265625 0.6336631944444444 0.04286328125 0.03957638888888889
3 0.605638671875 0.36758333333333326 0.04286328125 0.05683333333333333
3 0.629451171875 0.3838402777777778 0.04286328125 0.05976388888888889
3 0.36252734375 0.3656319444444444 0.042859375 0.04695833333333334
3 0.553998046875 0.60265625 0.039816406250000005 0.0553125
4 0.3866171875 0.6277534722222222 0.042859375 0.03957638888888889
4 0.339515625 0.3828541666666666 0.04403125 0.056819444444444436
6 0.338158203125 0.51084375 0.04673046875 0.05779861111111111
