5 0.39567578125 0.6119479166666667 0.0725234375 0.07639583333333334
5 0.581763671875 0.44236458333333334 0.06688671874999999 0.06471527777777777
4 0.49376953125 0.6784201388888889 0.029726562499999998 0.042048611111111106
3 0.44464257812499997 0.40494097222222225 0.03534765625 0.04146527777777778
2 0.52349609375 0.5952395833333333 0.027414062500000003 0.03799305555555556
1 0.45112695312500006 0.4615694444444445 0.03496484375 0.06469444444444444
4 0.57608203125 0.6083159722222222 0.0353515625 0.04146527777777778
3 0.46621679687499995 0.6584340277777778 0.03534765625 0.04146527777777778
4 0.48026171875 0.3676111111111111 0.0353515625 0.04702777777777778
4 0.6621601562499999 0.5329166666666667 0.0391171875 0.04147222222222222
6 0.6343984375 0.5517951388888889 0.0368046875 0.04635416666666667
4 0.31029296875 0.5186631944444444 0.0316015625 0.042048611111111106
3 0.34051367187500003 0.5483645833333333 0.03534765625 0.04146527777777778
6 0.33929101562499997 0.48663194444444446 0.03118359375 0.04634722222222222
7 0.49162109374999996 0.5021180555555556 0.0746484375 0.10201388888888889
3 0.635072265625 0.5050034722222223 0.03534765625 0.04146527777777778
1 0.5958789062500001 0.5743611111111111 0.0349609375 0.06969444444444445
3 0.5150078125 0.3974513888888889 0.031578125 0.03976388888888889
3 0.521564453125 0.6567638888888889 0.03534765625 0.04147222222222222
