6 0.659201171875 0.4019826388888889 0.04286328125 0.05585416666666667
3 0.629017578125 0.6126631944444445 0.04286328125 0.03957638888888889
3 0.604927734375 0.5452256944444445 0.04286328125 0.03957638888888889
4 0.762478515625 0.5403020833333334 0.04286328125 0.05585416666666667
3 0.652001953125 0.58953125 0.04286328125 0.03957638888888889
1 0.632341796875 0.4246215277777778 0.04286328125 0.05585416666666667
4 0.677751953125 0.6047881944444444 0.04286328125 0.05585416666666667
4 0.738666015625 0.5154270833333333 0.04286328125 0.05585416666666667
4 0.6281874999999999 0.5609756944444445 0.042859375 0.05585416666666667
1 0.710978515625 0.6554895833333334 0.04286328125 0.05585416666666667
6 0.689380859375 0.6358020833333333 0.04286328125 0.05585416666666667
2 0.612126953125 0.4516979166666667 0.04286328125 0.05585416666666667
4 0.653939453125 0.6274340277777778 0.04286328125 0.05585416666666667
3 0.5885917968750001 0.4315173611111111 0.04286328125 0.03957638888888889
3 0.580287109375 0.5663923611111111 0.04286328125 0.03957638888888889
3 0.564224609375 0.41084375 0.04286328125 0.03957638888888889
4 0.602990234375 0.5826354166666666 0.04286328125 0.05585416666666667
7 0.5363632812500001 0.4710763888888889 0.0741640625 0.10036111111111112
