7 0.486841796875 0.52125 0.08133984375 0.09611111111111112
4 0.43879101562499995 0.6482465277777777 0.02905859375 0.035312500000000004
4 0.63039453125 0.5625347222222222 0.0353515625 0.036458333333333336
4 0.53236328125 0.3890972222222222 0.0287890625 0.04652777777777778
1 0.5966406249999999 0.5370520833333333 0.022109375 0.0624375
3 0.635072265625 0.48332291666666666 0.03534765625 0.04146527777777778
6 0.3923046875 0.6052777777777778 0.025078125 0.04638888888888889
4 0.4380859375 0.3949340277777778 0.0353515625 0.04146527777777778
3 0.415560546875 0.42161805555555554 0.03534765625 0.04147222222222222
5 0.48778125 0.3763576388888889 0.0725234375 0.07639583333333334
2 0.299349609375 0.5242222222222223 0.01705859375 0.022944444444444444
6 0.584578125 0.43918402777777776 0.03365625 0.04711805555555555
5 0.4849609375 0.6597361111111112 0.051875000000000004 0.03830555555555555
4 0.3178359375 0.5013645833333333 0.035359375 0.04425694444444444
