4 0.5525390625 0.3448958333333333 0.032890625 0.050347222222222224
3 0.27017187500000006 0.5383576388888888 0.03471875 0.035326388888888886
5 0.5644609375 0.4784583333333333 0.06839843749999999 0.07816666666666666
2 0.48888671875 0.6319166666666667 0.0319140625 0.035333333333333335
1 0.5112578125 0.43912847222222223 0.02909375 0.053673611111111116
3 0.45684765625 0.31571875000000005 0.02909375 0.04032638888888889
4 0.23311718750000004 0.5050034722222223 0.0375625 0.04699305555555556
7 0.48133984375 0.5238194444444444 0.09234375 0.125
4 0.553466796875 0.6550972222222222 0.02912109375 0.04700000000000001
6 0.412751953125 0.39994444444444444 0.03285546875 0.05697222222222223
3 0.51876171875 0.31238541666666664 0.02909375 0.04365972222222222
4 0.4230781250000001 0.3415590277777778 0.0309921875 0.05700694444444444
3 0.703564453125 0.5366909722222222 0.02909765625 0.035326388888888886
4 0.42589257812500003 0.6567638888888889 0.02912109375 0.04700000000000001
4 0.739212890625 0.5 0.02912109375 0.04700000000000001
5 0.40811328125 0.47729861111111105 0.06839843749999999 0.07816666666666666
1 0.46435546875 0.4416284722222222 0.0328515625 0.045340277777777785
3 0.6646328125000001 0.5717118055555556 0.02909375 0.035326388888888886
3 0.30721484375 0.5700416666666667 0.0338046875 0.035333333333333335
6 0.55721484375 0.3974479166666667 0.0309921875 0.0503125
