3 0.56754296875 0.3599131944444444 0.0384453125 0.05336805555555555
7 0.54187109375 0.45023611111111106 0.0856484375 0.08931944444444445
1 0.5684902343749999 0.40326736111111106 0.03376953125 0.05336805555555555
4 0.5009375 0.40577777777777774 0.0384453125 0.06169444444444445
3 0.69512109375 0.4099444444444444 0.0384453125 0.053361111111111116
3 0.639298828125 0.5466979166666667 0.03937109375 0.05336805555555555
3 0.44323828125000003 0.5950590277777777 0.0384453125 0.05336805555555555
6 0.681990234375 0.4583125 0.02906640625 0.050041666666666665
2 0.510310546875 0.5258333333333333 0.03000390625 0.045
4 0.69605859375 0.5400243055555556 0.0384453125 0.05336805555555555
