4 0.6017812499999999 0.4933298611111111 0.02690625 0.04146527777777778
4 0.46435351562499994 0.44996875000000003 0.03534765625 0.04146527777777778
3 0.58629296875 0.5166770833333333 0.0353515625 0.04146527777777778
1 0.43984960937500006 0.6186284722222223 0.03496484375 0.06470138888888889
3 0.48779296875 0.431625 0.0353515625 0.04147222222222222
3 0.4512089843749999 0.48665624999999996 0.03534765625 0.04146527777777778
4 0.6683847656249999 0.34656597222222224 0.030652343749999998 0.03145138888888889
5 0.38627734375 0.6052604166666667 0.0725234375 0.07639583333333334
1 0.61951171875 0.4495138888888889 0.034023437499999996 0.05277777777777778
3 0.49905078124999996 0.5717118055555556 0.0353515625 0.04146527777777778
4 0.36256445312499996 0.5533680555555556 0.04005078125 0.04147222222222222
4 0.505638671875 0.4041215277777778 0.02786328125 0.049770833333333334
2 0.42669140624999996 0.5024895833333333 0.027414062500000003 0.026270833333333334
7 0.5349296875 0.445125 0.09234375 0.14288888888888887
5 0.5986835937499999 0.42314236111111114 0.0725234375 0.07639583333333334
6 0.519734375 0.5451111111111111 0.029281249999999998 0.04634722222222222
3 0.57503515625 0.37825694444444447 0.0353515625 0.04147222222222222
