4 0.5612265625 0.4405694444444444 0.0353515625 0.04572222222222223
6 0.583171875 0.4143993055555555 0.03021875 0.04713194444444445
4 0.3836875 0.4616423611111111 0.022234375 0.04146527777777778
5 0.682330078125 0.5267326388888889 0.07251953125 0.07639583333333334
6 0.38863085937499997 0.41144444444444445 0.03211328125 0.04634722222222222
3 0.560025390625 0.6534340277777778 0.03534765625 0.028131944444444442
4 0.582642578125 0.4617326388888889 0.03096484375 0.04146527777777778
7 0.48612500000000003 0.5774027777777778 0.09234375 0.125
3 0.243896484375 0.5050034722222223 0.029707031249999998 0.04146527777777778
4 0.579369140625 0.6307604166666666 0.02923046875 0.034451388888888886
5 0.48966210937500004 0.6988298611111111 0.07251953125 0.07639583333333334
1 0.368890625 0.43484027777777773 0.030265625 0.06134722222222223
