3 0.42401367187499994 0.6517638888888889 0.03182421875 0.041444444444444443
7 0.48421093750000005 0.5102083333333334 0.09234375 0.125
6 0.5731699218749999 0.3482395833333334 0.03182421875 0.049798611111111106
1 0.33864843749999995 0.46997569444444454 0.033703125 0.05477083333333334
1 0.63790625 0.42662847222222217 0.03559375 0.051465277777777776
4 0.51876171875 0.35406944444444444 0.031820312499999996 0.049805555555555554
5 0.4399609375 0.575048611111111 0.06839843749999999 0.07816666666666666
3 0.365853515625 0.3882638888888889 0.03182421875 0.041444444444444443
4 0.473732421875 0.6767777777777778 0.03182421875 0.049805555555555554
6 0.516884765625 0.6767777777777777 0.03182421875 0.059805555555555556
3 0.500939453125 0.33322916666666663 0.03182421875 0.041444444444444443
4 0.681529296875 0.5116736111111112 0.03649609375 0.049805555555555554
5 0.6027148437500001 0.5091805555555555 0.06839843749999999 0.07816666666666666
4 0.32364453125 0.5200138888888889 0.0374453125 0.049805555555555554
4 0.43164453125 0.37157638888888894 0.029695312499999998 0.053152777777777785
3 0.668853515625 0.4583055555555556 0.03182421875 0.041444444444444443
2 0.40243945312499996 0.5408645833333333 0.03182421875 0.04478472222222222
