4 0.14696679687499997 0.5391909722222222 0.02912109375 0.04699305555555556
5 0.289251953125 0.4689965277777778 0.05412890625 0.0664513888888889
6 0.36937499999999995 0.32795138888888886 0.026796874999999998 0.051180555555555556
3 0.23999804687499998 0.4585798611111111 0.035386718750000004 0.04563194444444444
4 0.612109375 0.3091909722222222 0.032265625 0.04282638888888889
5 0.42636523437499996 0.3599027777777778 0.06445703124999999 0.07644444444444444
2 0.4299589843750001 0.4273194444444445 0.02601953125 0.03866666666666667
1 0.5503437499999999 0.36269444444444443 0.032265625 0.05395833333333334
4 0.36820117187499996 0.5280729166666667 0.03694921875 0.04282638888888889
3 0.5839492187499999 0.34184375 0.029148437500000002 0.03729861111111111
4 0.508904296875 0.2153784722222222 0.02444921875 0.04699305555555556
6 0.2743828125 0.41968055555555556 0.03696875 0.059500000000000004
3 0.40766796875000005 0.30987847222222226 0.0314609375 0.04563194444444444
1 0.3142578125 0.5697569444444445 0.032265625 0.05395833333333334
4 0.49249609375 0.4189826388888889 0.032265625 0.06088194444444445
7 0.39091015625000003 0.4710763888888889 0.09234375 0.125
