6 0.4122890625 0.3966041666666667 0.028078125 0.041444444444444443
3 0.438546875 0.6450902777777778 0.0280625 0.041444444444444443
1 0.46576171874999994 0.44162500000000005 0.0365234375 0.049805555555555554
7 0.53588671875 0.460875 0.09234375 0.125
4 0.5121953125 0.35657638888888893 0.028078125 0.041444444444444443
5 0.6210117187499999 0.5567013888888889 0.0787109375 0.07983333333333333
3 0.63226953125 0.6425972222222223 0.0365234375 0.041444444444444443
2 0.536583984375 0.5517048611111111 0.03276953125 0.03145138888888889
1 0.60319140625 0.4399618055555556 0.0365234375 0.049798611111111106
5 0.45028125 0.5600381944444445 0.0787109375 0.07982638888888889
6 0.658537109375 0.3966041666666667 0.033707031250000005 0.041444444444444443
