4 0.65009375 0.6801145833333333 0.0353515625 0.04146527777777778
4 0.4043144531249999 0.4099444444444445 0.03534765625 0.04147222222222222
3 0.369595703125 0.3757465277777778 0.03534765625 0.04649305555555556
3 0.47372265625 0.5283506944444445 0.0353515625 0.04146527777777778
5 0.601513671875 0.5016701388888889 0.06501953125 0.07639583333333334
7 0.54210546875 0.5433819444444444 0.09234375 0.125
3 0.6041152343749999 0.5883888888888889 0.03534765625 0.04147222222222222
3 0.65008203125 0.63175 0.0353515625 0.04147222222222222
1 0.48779101562500005 0.4782638888888888 0.02933984375 0.06305555555555556
5 0.476025390625 0.6061076388888889 0.06404296875 0.0680625
4 0.677298828125 0.65009375 0.03534765625 0.04146527777777778
6 0.3214375 0.32957291666666666 0.0305625 0.04635416666666667
