7 0.5373203125 0.46512499999999996 0.0741640625 0.10036111111111112
3 0.617697265625 0.5980868055555556 0.04286328125 0.04742361111111112
1 0.5709003906250001 0.41666319444444444 0.04286328125 0.06471527777777777
4 0.657845703125 0.5532673611111112 0.04286328125 0.06125694444444444
4 0.40504296874999995 0.5124340277777778 0.042859375 0.05431249999999999
1 0.49669335937500003 0.5148854166666668 0.04286328125 0.03957638888888889
3 0.29788671875 0.6369618055555556 0.042859375 0.03957638888888889
4 0.52964453125 0.69109375 0.042859375 0.057326388888888885
4 0.2578828125 0.3979618055555555 0.054203125 0.05092361111111111
4 0.518013671875 0.3736041666666667 0.04286328125 0.061236111111111116
6 0.422900390625 0.46245486111111117 0.04701171875 0.06074305555555556
3 0.3712578125 0.4225798611111111 0.051734375 0.05779861111111111
2 0.43633203125 0.5025798611111111 0.042859375 0.03957638888888889
