3 0.596615234375 0.4508020833333333 0.03346484375 0.03979861111111111
3 0.5693984375000001 0.41912847222222227 0.022234375 0.04978472222222222
2 0.64473828125 0.49665625 0.027414062500000003 0.03799305555555556
4 0.4774863281249999 0.4533020833333333 0.03534765625 0.04146527777777778
4 0.5347089843749999 0.39660069444444446 0.03534765625 0.04146527777777778
3 0.4512089843749999 0.47665277777777776 0.03534765625 0.04147222222222222
4 0.614447265625 0.4749826388888889 0.03534765625 0.04146527777777778
3 0.543140625 0.5466979166666667 0.0353515625 0.04146527777777778
4 0.475609375 0.49666319444444446 0.0353515625 0.04146527777777778
3 0.502802734375 0.4332916666666667 0.03534765625 0.04147222222222222
7 0.5373203125 0.4744652777777777 0.09234375 0.10631944444444444
6 0.66683203125 0.5071041666666667 0.0289921875 0.03940277777777778
4 0.514072265625 0.5233472222222222 0.03534765625 0.04147222222222222
6 0.56735546875 0.5175451388888889 0.0368046875 0.04635416666666667
3 0.5919218749999999 0.5 0.0353515625 0.04147222222222222
