6 0.46161328125 0.44653125 0.0289609375 0.04635416666666667
1 0.566255859375 0.2794479166666667 0.03305859375 0.06136805555555556
7 0.53588671875 0.4787152777777777 0.09234375 0.10631944444444444
4 0.391181640625 0.6033993055555555 0.03534765625 0.04146527777777778
3 0.314248046875 0.7284756944444444 0.03534765625 0.04146527777777778
6 0.35237304687500004 0.3588125 0.03291015625 0.04634722222222222
4 0.66791796875 0.7318125 0.0353515625 0.04147222222222222
1 0.17951171875 0.6119479166666666 0.0433984375 0.07139583333333334
3 0.52531640625 0.3999375 0.0353515625 0.04147222222222222
3 0.6866679687499999 0.41328125 0.0353515625 0.04146527777777778
2 0.444546875 0.69715625 0.027414062500000003 0.03799305555555556
