3 0.30487890625 0.5933923611111112 0.0353515625 0.04146527777777778
6 0.6284375 0.5384270833333333 0.028984375 0.04635416666666667
5 0.585525390625 0.7890555555555555 0.07251953125 0.07640277777777778
3 0.451220703125 0.3449027777777778 0.03534765625 0.04147222222222222
3 0.5590996093749999 0.7017951388888889 0.03534765625 0.04146527777777778
6 0.40249999999999997 0.4869131944444444 0.031328125 0.04635416666666667
5 0.2716171875 0.7121979166666667 0.0725234375 0.07639583333333334
2 0.5164492187499999 0.5690590277777778 0.027414062500000003 0.03799305555555556
1 0.5798886718749999 0.6612395833333333 0.03587109375 0.06136805555555556
4 0.35975390625 0.40494097222222225 0.0268984375 0.04146527777777778
1 0.470390625 0.36633680555555553 0.030234375 0.05302083333333333
7 0.5368359375 0.4714930555555556 0.064609375 0.10034722222222223
