5 0.5902246093750001 0.4582291666666667 0.07251953125 0.07640277777777778
3 0.5096015625 0.5847743055555555 0.0353515625 0.04146527777777778
4 0.48214257812499994 0.55346875 0.03534765625 0.04146527777777778
4 0.364197265625 0.5651631944444445 0.040035156249999995 0.04146527777777778
7 0.5401914062500001 0.5131666666666667 0.09234375 0.11397222222222222
3 0.3918515625 0.4448020833333333 0.038078125000000004 0.04146527777777778
6 0.373359375 0.5014062499999999 0.026484374999999998 0.04635416666666667
3 0.635916015625 0.5178298611111112 0.03534765625 0.04146527777777778
4 0.6090234375 0.54678125 0.0353515625 0.04146527777777778
5 0.46615234375 0.6144409722222222 0.07816406249999999 0.07639583333333334
4 0.54229296875 0.60359375 0.0353515625 0.04146527777777778
4 0.47982031249999996 0.48375347222222226 0.0353515625 0.04146527777777778
3 0.50533203125 0.45726736111111105 0.0247265625 0.04453472222222222
3 0.571560546875 0.5829479166666667 0.03534765625 0.04146527777777778
