4 0.45497265625 0.39993750000000006 0.028078125 0.041444444444444443
5 0.6604140625 0.5233506944444445 0.0675 0.06482638888888889
7 0.482296875 0.5187152777777778 0.09234375 0.125
4 0.64962890625 0.4516354166666667 0.0290234375 0.041451388888888885
3 0.613970703125 0.5667083333333334 0.033699218749999996 0.041444444444444443
1 0.582083984375 0.5308611111111111 0.03838671875 0.06644444444444444
5 0.3208203125 0.5183541666666667 0.0675 0.06815277777777778
4 0.32130078125 0.44912847222222224 0.0327578125 0.03311805555555555
3 0.5009375 0.38993055555555556 0.033703125 0.041444444444444443
6 0.45169531249999995 0.5917152777777778 0.025281249999999998 0.04476388888888889
4 0.48874218750000004 0.3532430555555555 0.028078125 0.041444444444444443
4 0.36678515625 0.5550347222222223 0.0374765625 0.041444444444444443
3 0.64352734375 0.6050659722222222 0.033703125 0.041451388888888885
4 0.5637890624999999 0.6684375 0.028078125 0.041444444444444443
