3 0.48216601562499994 0.6217430555555556 0.03534765625 0.04147222222222222
1 0.463345703125 0.6720868055555556 0.03119921875 0.06639583333333333
5 0.359962890625 0.5116979166666666 0.07251953125 0.07639583333333334
3 0.36678125 0.44162847222222223 0.0353515625 0.04146527777777778
3 0.2814140625 0.51834375 0.0353515625 0.04146527777777778
4 0.557224609375 0.5483645833333333 0.03534765625 0.04146527777777778
5 0.5187968749999999 0.6520451388888889 0.0725234375 0.07639583333333334
4 0.40291015625000004 0.6867847222222222 0.0306640625 0.04147222222222222
2 0.43984765625 0.6538784722222222 0.027414062500000003 0.021604166666666667
1 0.44173437499999996 0.5016597222222222 0.03309375 0.059708333333333335
6 0.549337890625 0.48134027777777777 0.03523046875 0.04634722222222222
3 0.396798828125 0.5433611111111112 0.03534765625 0.04147222222222222
4 0.32083203125000004 0.6134027777777779 0.0372109375 0.04147222222222222
4 0.476548828125 0.4749791666666666 0.03534765625 0.04815277777777778
4 0.322701171875 0.47665277777777776 0.03534765625 0.04147222222222222
6 0.334123046875 0.6682222222222223 0.02839453125 0.05741666666666667
7 0.44019140625000003 0.5757013888888889 0.09234375 0.125
