Total detected boxes: 9
Detected boxes and their scores:
7.0,0.7336292862892151,1169.788818359375,641.2486572265625,1311.327880859375,767.9134521484375
4.0,0.6254124045372009,1324.252197265625,552.0341796875,1420.553955078125,625.3876953125
7.0,0.4704153835773468,1150.001220703125,631.2952880859375,1338.336181640625,751.6810302734375
4.0,0.41934555768966675,1466.71337890625,649.5493774414062,1555.113525390625,720.7359008789062
4.0,0.3488790690898895,1212.9351806640625,788.0673828125,1312.1680908203125,861.617431640625
3.0,0.33518654108047485,916.718017578125,709.4892578125,1009.632568359375,773.565185546875
3.0,0.3249366283416748,1219.0999755859375,545.4345703125,1325.5811767578125,614.3580322265625
3.0,0.2547650933265686,1012.3539428710938,551.2942504882812,1097.44970703125,604.9076538085938
3.0,0.2517297863960266,1380.068359375,606.6932373046875,1470.85009765625,662.6627197265625
