Total detected boxes: 9
Detected boxes and their scores:
7.0,0.7812941074371338,1131.941162109375,678.6172485351562,1321.810791015625,819.8975219726562
5.0,0.695724606513977,1694.62109375,702.445556640625,1868.5146484375,806.31640625
4.0,0.6625504493713379,709.792724609375,774.908935546875,802.248291015625,835.21240234375
4.0,0.5758011937141418,1694.288330078125,639.0704345703125,1799.795654296875,707.8179931640625
5.0,0.5488010048866272,602.8262939453125,698.6216430664062,796.6065673828125,806.0573120117188
6.0,0.5438899993896484,836.4331665039062,575.9600219726562,915.5028686523438,643.4249877929688
4.0,0.4597404897212982,1588.79296875,773.707763671875,1674.7412109375,834.7802734375
3.0,0.39268338680267334,1518.44140625,513.6103515625,1592.019287109375,559.47314453125
3.0,0.27019089460372925,727.0343627929688,836.57080078125,807.6024780273438,881.18115234375
