Total detected boxes: 9
Detected boxes and their scores:
5.0,0.8590059280395508,1242.63330078125,412.48455810546875,1443.51708984375,520.1487426757812
3.0,0.7629916071891785,1611.84814453125,717.573486328125,1699.664306640625,772.4779052734375
5.0,0.7522872686386108,1516.116943359375,618.4232177734375,1711.221923828125,732.4974365234375
3.0,0.6237355470657349,1298.237548828125,529.1618041992188,1394.888427734375,584.5117797851562
4.0,0.5630884766578674,1555.323486328125,834.9927978515625,1647.22802734375,904.5489501953125
3.0,0.5162010788917542,1360.7587890625,554.136962890625,1453.77880859375,611.38623046875
1.0,0.4310213327407837,1062.897705078125,554.3892822265625,1150.977783203125,632.8511962890625
1.0,0.4299314022064209,1006.419189453125,477.5416259765625,1088.7890625,547.5623779296875
7.0,0.39839592576026917,1411.023193359375,637.766357421875,1602.708251953125,794.61181640625
